camera_name: cam_left
resolution: [1504, 1504]
#frame_id: camera360_left_optical_frame
#camera_ns: /camera360/left
#rostopic: /camera360/left/image_raw # currently not used
camera_model: omni
distortion_model: radtan
distortion_coeffs: [-0.21035031, 0.25912067, 0.00047916, -0.00002277] #[0.0, 0.0, 0.0, 0.0]
intrinsics: [1.57108608, 1237.02428302, 1234.83876399, 751.46355466, 750.25554958] #[0.9997, 752, 752, 752.5, 752.5]
mask_path: $(find hector_sensor_proc_launch)/config/kalibr_calibrations/camera360_webots/camera360_left_mask.png
